buprenorphine <- c(
    # definitely MOUD and not chronic pain
    "60505-7054-5",
    "0378-8768-93",
    "52427-712-03",
    "43598-581-30",
    "12496-0100-1",
    "12496-0300-1",
    "12496-1212-3",
    "54123-114-30",
    # possibly MOUD but possibly also chronic pain
    "12496-0757-5",
    "71335-0353-8",
    "71335-0353-6",
    "71335-0950-2",
    "71335-0950-4",
    "62756-459-83",
    "62756-460-83",
    "68071-2592-3",
    "71335-0353-3",
    "71335-0353-5",
    "71335-0353-4",
    "71335-0353-2",
    "71335-0950-8",
    "0228-3153-03",
    "0228-3156-03",
    "71335-0353-1",
    "42858-501-03",
    "62756-459-64",
    "71335-0950-5",
    "71335-0950-7",
    "71335-1154-0",
    "71335-1154-1",
    "71335-1154-2",
    "71335-1154-3",
    "71335-1154-4",
    "71335-1154-5",
    "71335-1154-6",
    "71335-1154-7",
    "71335-1154-8",
    "71335-1154-9",
    "62756-460-64",
    "58118-0501-8",
    "71335-0950-6",
    "60687-481-21",
    "60687-492-21",
    "42858-502-03",
    "71335-0353-7",
    "50090-5805-0",
    "43598-580-30",
    "0228-3154-03",
    "0228-3155-03",
    "60687-626-65",
    "0378-8765-93",
    "0378-8766-93",
    "63629-7270-1",
    "63629-7270-2",
    "43598-579-30",
    "70518-3389-0",
    "60505-7053-5",
    "47781-355-03",
    "47781-356-03",
    "47781-357-03",
    "47781-358-03",
    "71335-1378-0",
    "71335-1378-1",
    "71335-1378-2",
    "71335-1378-3",
    "71335-1378-4",
    "71335-1378-5",
    "71335-1378-6",
    "71335-1378-7",
    "71335-1378-8",
    "71335-1378-9",
    "50383-294-93",
    "62756-969-83",
    "52427-692-03",
    "70518-2311-0",
    "60429-587-30",
    "0378-8767-93",
    "50383-287-93",
    "60429-586-30",
    "62175-458-32",
    "60687-637-65",
    "70518-3129-0",
    "70518-3487-0",
    "43598-582-30",
    "62756-969-64",
    "62756-970-83",
    "62175-452-32",
    "71335-1296-1",
    "71335-1296-2",
    "70518-2014-0",
    "70518-2014-1",
    "0054-0176-13",
    "0054-0177-13",
    "70518-2226-0",
    "70518-2226-1",
    "70518-2226-2",
    "70518-2226-3",
    "71335-1163-0",
    "0904-7154-04",
    "0904-7155-04",
    "58118-0176-8",
    "58118-0177-8",
    "71335-1163-1",
    "71335-1163-2",
    "71335-1163-3",
    "71335-1163-4",
    "71335-1163-5",
    "71335-1163-6",
    "71335-1163-7",
    "71335-1163-8",
    "71335-1163-9",
    "55700-302-30",
    "65162-415-03",
    "50268-144-15",
    "50268-145-15",
    "70518-1007-0",
    "65162-416-09",
    "63629-7269-1",
    "65162-416-03",
    "65162-415-09",
    "71335-1514-1",
    "71335-1514-2",
    "63629-7125-1",
    "63629-7125-2",
    "63629-7125-3",
    "63629-7125-4",
    "63629-7125-5",
    "63629-7125-6",
    "63629-7125-7",
    "63629-7125-8",
    "50090-1571-0",
    "50383-930-93",
    "71335-1858-9",
    "71335-1653-1",
    "71335-1720-1",
    "71335-1720-2",
    "71335-1725-1",
    "0054-0188-13",
    "0054-0189-13",
    "16729-549-10",
    "16729-550-10",
    "0904-7009-06",
    "55700-901-30",
    "0406-8005-03",
    "0406-8020-03",
    "71335-1725-0",
    "71335-1725-2",
    "71335-1725-3",
    "71335-1725-4",
    "71335-1725-5",
    "71335-1725-6",
    "71335-1725-7",
    "71335-1858-0",
    "71335-1858-1",
    "0904-7010-06",
    "71335-1725-8",
    "71335-1725-9",
    "71335-1858-2",
    "71335-1858-3",
    "71335-1858-4",
    "71335-1858-5",
    "71335-1858-6",
    "71335-1858-7",
    "71335-1858-8",
    "12496-1202-3",
    "12496-1204-3",
    "12496-1208-3",
    "54123-929-30",
    "54123-957-30",
    "54123-986-30"
)
