codeine <-
    c(
        "67544-882-53",
        "67544-882-55",
        "51655-808-53",
        "67544-882-60",
        "67544-882-90",
        "65162-033-10",
        "61919-484-18",
        "63187-470-90",
        "63187-470-30",
        "71335-0545-8",
        "67544-882-80",
        "67544-474-30",
        "67544-474-70",
        "65162-033-11",
        "65162-033-50",
        "71335-0545-5",
        "71335-0545-7",
        "71335-0545-9",
        "43353-010-40",
        "51655-808-87",
        "51655-808-52",
        "51655-808-54",
        "67544-474-80",
        "43353-010-70",
        "67544-882-15",
        "67544-882-40",
        "61919-023-60",
        "61919-023-90",
        "61919-484-60",
        "61919-484-71",
        "61919-484-90",
        "61919-905-60",
        "61919-484-30",
        "67544-882-50",
        "67544-882-70",
        "67544-882-75",
        "63187-491-60",
        "67544-882-45",
        "67544-474-53",
        "67544-474-60",
        "67544-474-90",
        "67544-882-20",
        "71335-0545-1",
        "71335-0545-6",
        "71335-0545-2",
        "71335-0545-4",
        "76420-103-03",
        "76420-103-10",
        "76420-103-20",
        "76420-103-30",
        "63187-470-60",
        "63187-491-30",
        "67544-882-30",
        "71335-0545-0",
        "67296-1772-6",
        "43353-010-50",
        "43353-010-45",
        "43353-010-60",
        "63187-491-20",
        "63187-491-90",
        "71335-0545-3",
        "53002-0101-1",
        "53002-0101-2",
        "53002-0101-3",
        "53002-0101-5",
        "43353-010-75",
        "43353-010-90",
        "71205-001-30",
        "50090-1935-0",
        "49999-060-60",
        "71610-111-75",
        "71335-0701-3",
        "63304-562-05",
        "63187-815-30",
        "67296-1516-1",
        "67296-1516-2",
        "71335-0256-1",
        "67544-002-20",
        "50090-1934-0",
        "50090-1934-1",
        "50090-1934-6",
        "63629-3031-3",
        "63629-3031-4",
        "63629-3031-5",
        "63629-3031-6",
        "68788-7859-1",
        "68788-7859-2",
        "68788-7859-3",
        "68788-7859-6",
        "67544-002-85",
        "67544-003-80",
        "0615-8102-39",
        "68071-2681-6",
        "67544-002-30",
        "67544-003-53",
        "63629-3031-7",
        "63629-3031-8",
        "63629-3031-9",
        "71335-0256-2",
        "71335-0256-4",
        "58118-0485-8",
        "13107-058-01",
        "13107-058-05",
        "13107-058-30",
        "13107-058-99",
        "13107-059-01",
        "13107-059-05",
        "13107-059-30",
        "13107-059-99",
        "13107-060-01",
        "13107-060-05",
        "13107-060-30",
        "13107-060-99",
        "72189-376-60",
        "63187-106-60",
        "63187-106-90",
        "63629-1190-1",
        "63187-815-20",
        "71335-1846-0",
        "71335-1846-1",
        "71335-1846-2",
        "71335-1846-3",
        "71335-1846-4",
        "71335-0256-0",
        "68071-3061-2",
        "68071-3061-4",
        "68071-3061-6",
        "70518-2764-1",
        "60760-466-30",
        "68788-9300-1",
        "71335-1846-5",
        "71335-1846-6",
        "71335-1846-7",
        "71335-1846-8",
        "71335-1846-9",
        "50090-3871-0",
        "71930-054-12",
        "71930-054-52",
        "71930-055-12",
        "71930-055-52",
        "71930-056-12",
        "71930-056-52",
        "71335-0701-1",
        "71335-0701-6",
        "68071-5010-4",
        "68788-9229-2",
        "71335-0701-0",
        "68071-4475-2",
        "68071-4475-4",
        "68071-4475-6",
        "68071-4533-2",
        "68071-4533-3",
        "68071-4533-4",
        "68071-4533-5",
        "68071-4533-6",
        "68071-4533-8",
        "68071-4668-6",
        "68071-4673-3",
        "68071-5010-6",
        "68071-5025-6",
        "67296-1516-6",
        "63304-561-01",
        "70518-2764-0",
        "71335-0256-3",
        "68071-3100-2",
        "68071-3100-3",
        "68071-3100-4",
        "68071-3100-5",
        "68071-3100-6",
        "68071-3100-8",
        "63187-291-04",
        "63629-3031-0",
        "45865-439-30",
        "49999-060-30",
        "49999-060-90",
        "71335-0336-0",
        "71335-0336-1",
        "71335-0336-2",
        "71335-0336-3",
        "71335-0336-4",
        "71335-0336-5",
        "71335-0336-6",
        "71335-0336-7",
        "71335-0336-8",
        "71335-0336-9",
        "67544-002-53",
        "67544-003-90",
        "49999-026-30",
        "49999-026-60",
        "63629-1188-1",
        "63187-106-30",
        "67046-886-30",
        "50090-3011-0",
        "50090-3011-2",
        "50090-3011-3",
        "50090-3011-4",
        "50090-3011-5",
        "50090-3011-6",
        "50090-3011-7",
        "50090-3011-8",
        "50090-4610-0",
        "50090-4610-1",
        "50090-4610-2",
        "50090-4610-3",
        "50090-4610-4",
        "50090-4610-7",
        "71335-0701-7",
        "71335-0701-9",
        "50090-5200-0",
        "50090-5200-1",
        "50090-5200-2",
        "50090-5200-3",
        "50090-5200-4",
        "50090-5200-7",
        "50090-5204-1",
        "71610-111-46",
        "71610-111-53",
        "71610-111-70",
        "71610-111-80",
        "50383-337-06",
        "50383-339-13",
        "63629-7668-1",
        "63629-7668-2",
        "68071-4673-2",
        "68071-4673-4",
        "68071-4673-5",
        "50090-5201-0",
        "68071-4430-2",
        "68071-4430-3",
        "68071-4430-4",
        "68071-4430-5",
        "68071-4430-6",
        "68071-4430-8",
        "61919-053-60",
        "71610-111-54",
        "71610-111-90",
        "67296-0065-2",
        "71335-0256-7",
        "71335-0256-8",
        "63187-815-60",
        "68788-7835-1",
        "68788-7835-2",
        "68788-7835-3",
        "68788-7835-6",
        "50383-079-16",
        "63304-562-10",
        "71335-0256-6",
        "71335-0256-9",
        "50090-4611-1",
        "58118-4484-8",
        "63187-106-20",
        "68788-9229-1",
        "68788-9300-2",
        "70518-2989-0",
        "71335-0256-5",
        "67544-002-60",
        "61919-053-30",
        "61919-053-71",
        "67544-002-75",
        "67544-003-70",
        "0406-0483-01",
        "0406-0484-01",
        "0406-0484-03",
        "0406-0484-10",
        "0406-0484-20",
        "0406-0484-23",
        "0406-0484-50",
        "0406-0484-62",
        "0406-0485-01",
        "0406-0485-05",
        "50090-1933-0",
        "50090-1933-2",
        "67544-002-46",
        "67544-002-54",
        "67544-002-72",
        "71610-111-72",
        "50090-5198-0",
        "70518-3051-0",
        "50090-1933-1",
        "45865-466-30",
        "68788-9229-9",
        "63187-815-15",
        "50090-0215-0",
        "71335-0701-5",
        "68071-2800-6",
        "71335-0701-4",
        "63629-1185-1",
        "63629-1494-0",
        "63629-1494-1",
        "63629-1494-2",
        "63629-1494-3",
        "63629-1494-4",
        "63629-1494-5",
        "63629-1494-6",
        "63629-1494-7",
        "63629-1494-8",
        "63629-1494-9",
        "67544-002-15",
        "67544-002-55",
        "67544-002-90",
        "67544-002-40",
        "67544-002-50",
        "67544-002-70",
        "67544-002-93",
        "71335-0701-2",
        "64850-641-12",
        "64850-642-12",
        "64850-643-12",
        "50090-1933-4",
        "50090-5201-1",
        "50090-1933-7",
        "67296-0065-4",
        "67544-002-09",
        "67544-002-45",
        "67544-002-80",
        "67544-003-60",
        "68071-4749-6",
        "71335-0701-8",
        "71610-111-60",
        "63304-562-01",
        "50090-1933-9",
        "71205-001-60",
        "68788-9300-6",
        "68788-7801-1",
        "68788-7801-2",
        "68788-7801-3",
        "68788-7801-6",
        "68788-7802-1",
        "68788-7802-2",
        "68788-7802-3",
        "68788-7802-6",
        "17856-0079-1",
