fentanyl <-
    c(
    "63459-502-30",
    "63459-512-30",
    "63459-516-30",
    "63459-506-30",
    "63459-504-30",
    "63459-508-30",
    "71335-1227-1",
    "71335-1227-2",
    "71335-1227-3",
    "71335-1260-1",
    "71335-1260-2",
    "71335-1260-3",
    "71335-1403-1",
    "71335-1403-2",
    "71335-1403-3",
    "60505-7082-2",
    "60505-7087-2",
    "71335-0376-1",
    "71335-0376-3",
    "71335-1404-1",
    "71335-1404-2",
    "71335-1404-3",
    "60505-7008-2",
    "61919-603-05",
    "60505-7009-2",
    "55700-772-05",
    "55700-748-05",
    "55700-749-05",
    "55700-753-05",
    "60505-7011-2",
    "60505-7013-2",
    "0378-9119-98",
    "0378-9121-98",
    "0378-9122-98",
    "0378-9123-98",
    "0378-9124-98",
    "0378-9125-98",
    "0378-9126-98",
    "0378-9127-98",
    "60505-7015-2",
    "60505-7016-2",
    "60505-7017-2",
    "60505-7014-2",
    "60505-7083-2",
    "60505-7086-2",
    "63629-4974-1",
    "63629-4974-2",
    "63629-4976-1",
    "63629-4976-2",
    "63629-4976-3",
    "71335-0376-2",
    "60505-7010-2",
    "60505-7081-2",
    "60505-7084-2",
    "60505-7006-2",
    "60505-7007-2",
    "60505-7012-2",
    "63629-4813-1",
    "63629-4813-2",
    "63629-4813-3",
    "61919-602-05",
    "71335-1224-1",
    "71335-1224-2",
    "71335-1224-3",
    "71335-1228-1",
    "71335-1228-2",
    "71335-1228-3",
    "60505-7080-2",
    "60505-7085-2",
    "51862-634-28",
    "51862-635-28",
    "51862-636-28",
    "51862-637-28",
    "51862-638-28",
    "0641-6024-10",
    "0641-6025-10",
    "0641-6026-05",
    "0641-6027-25",
    "0641-6028-25",
    "0641-6029-25",
    "0641-6030-01",
    "0641-6029-01",
    "0641-6247-25",
    "72572-170-25",
    "72572-171-25",
    "72572-172-01",
    "63323-808-11",
    "63323-817-20",
    "0409-9093-11",
    "0406-9202-30",
    "0406-9204-30",
    "0406-9206-30",
    "0406-9208-30",
    "0406-9212-30",
    "0406-9216-30",
    "0409-1276-32",
    "63323-806-01",
    "63323-806-02",
    "63323-806-05",
    "63323-806-20",
    "63323-806-50",
    "0409-9093-32",
    "0409-9093-35",
    "0409-9094-22",
    "0409-9094-25",
    "0409-9094-28",
    "0409-9094-31",
    "0409-9094-61",
    "17478-030-02",
    "17478-030-05",
    "0093-7865-65",
    "0093-7866-65",
    "0093-7867-65",
    "0093-7868-65",
    "0093-7869-65",
    "0093-7870-65",
    "47781-424-47",
    "47781-428-47",
    "47781-423-47",
    "47781-426-47",
    "47781-427-47",
    "55700-597-05",
    "55700-972-05",
    "55700-973-05",
    "63629-4764-1",
    "63629-4764-2",
    "63629-4764-3",
    "63629-4773-1",
    "63629-4773-2",
    "63629-4773-3",
    "0406-9037-76",
    "0406-9062-76",
    "0406-9100-76",
    "0406-9112-76",
    "0406-9125-76",
    "0406-9150-76",
    "0406-9175-76",
    "0406-9000-76",
    "0406-9012-76",
    "0406-9025-76",
    "0406-9050-76",
    "0406-9075-76",
    "63629-4771-1",
    "63629-4771-2",
    "63629-4771-3",
    "71335-0683-1",
    "71335-0683-2",
    "71335-0683-3",
    "63459-546-28",
    "63459-548-28",
    "63459-544-28",
    "63459-542-28",
    "63459-541-28",
    "71500-110-01",
    "71500-130-01",
    "71500-140-01",
    "71500-001-10",
    "71500-002-30",
    "71500-004-30",
    "71500-006-30",
    "71500-008-30",
    "71500-012-15",
    "71500-016-15",
    "20482-001-10",
    "20482-001-30",
    "20482-002-10",
    "20482-002-30",
    "20482-004-10",
    "20482-004-30",
    "20482-006-10",
    "20482-006-30",
    "20482-008-10",
    "20482-008-30",
    "20482-012-15",
    "20482-016-15"
    )
