hydrocodone <-
    c(
        "10702-340-01",
        "10702-341-01",
        "10702-342-01",
        "10702-343-01",
        "10702-344-01",
        "10702-345-01",
        "64950-205-03",
        "64950-205-10",
        "64950-342-45",
        "64950-342-47",
        "61919-618-20",
        "61919-618-26",
        "61919-618-30",
        "61919-618-60",
        "61919-618-72",
        "61919-618-90",
        "72189-352-90",
        "72189-352-60",
        "72189-352-30",
        "47781-409-60",
        "47781-410-60",
        "47781-411-60",
        "47781-412-60",
        "47781-413-60",
        "47781-414-60",
        "61919-118-71",
        "47781-392-60",
        "47781-393-60",
        "47781-394-60",
        "47781-395-60",
        "47781-396-60",
        "47781-397-60",
        "47781-398-60",
        "61919-118-20",
        "61919-118-26",
        "61919-118-60",
        "61919-494-20",
        "61919-118-90",
        "61919-118-84",
        "61919-118-30",
        "61919-118-72",
        "61919-494-08",
        "61919-296-30",
        "67296-1623-8",
        "42858-202-01",
        "42858-203-90",
        "67296-1415-3",
        "67296-1425-1",
        "67296-1425-2",
        "0121-2316-50",
        "71335-0108-0",
        "71335-0108-1",
        "71335-0108-2",
        "71335-0108-3",
        "71335-0108-4",
        "71335-0108-5",
        "55700-652-14",
        "67296-1333-5",
        "40032-353-03",
        "40032-356-03",
        "40032-356-05",
        "67296-0299-3",
        "67296-0299-6",
        "63629-5434-1",
        "67296-1579-3",
        "67296-1623-2",
        "67296-1623-4",
        "67296-1333-7",
        "53746-110-01",
        "53746-110-05",
        "53746-110-10",
        "0121-0772-04",
        "0121-0772-16",
        "0121-1544-40",
        "0121-2316-40",
        "0121-4772-10",
        "0121-4772-15",
        "0121-4772-40",
        "67296-1623-5",
        "43386-357-03",
        "68071-2664-2",
        "68071-2664-6",
        "65162-115-03",
        "65162-675-10",
        "65162-696-10",
        "72189-343-30",
        "72189-348-72",
        "42858-203-50",
        "55700-598-14",
        "55700-652-20",
        "68071-2668-2",
        "63187-838-60",
        "68071-2668-4",
        "68071-2668-6",
        "0904-6824-61",
        "0904-6825-61",
        "0904-6826-61",
        "68084-895-09",
        "67296-1377-3",
        "68071-2629-3",
        "40032-356-01",
        "40032-357-10",
        "55700-781-21",
        "55700-652-15",
        "13107-019-01",
        "13107-019-05",
        "13107-019-30",
        "13107-019-99",
        "13107-020-01",
        "13107-020-05",
        "13107-020-30",
        "13107-020-99",
        "13107-021-01",
        "13107-021-05",
        "13107-021-30",
        "13107-021-99",
        "72189-348-30",
        "63187-112-30",
        "63187-112-60",
        "68071-2593-4",
        "40032-352-03",
        "63187-375-20",
        "63187-375-30",
        "63187-375-60",
        "63187-778-12",
        "71335-1557-2",
        "72189-343-90",
        "67296-1415-2",
        "67296-1415-4",
        "55700-598-60",
        "55700-598-01",
        "55700-598-90",
        "65162-696-11",
        "71930-021-52",
        "71335-2103-1",
        "71335-2103-2",
        "71335-2103-3",
        "71335-2103-4",
        "71335-2103-5",
        "71335-2104-1",
        "71335-2104-2",
        "71335-2104-3",
        "71335-2104-4",
        "71335-2104-5",
        "71335-2104-6",
        "71335-2104-7",
        "71335-2105-1",
        "71335-2105-2",
        "71335-2105-3",
        "71335-2105-4",
        "71335-2105-5",
        "71335-0466-1",
        "55700-598-30",
        "63629-8885-5",
        "63629-8886-1",
        "63629-8886-2",
        "63629-8886-3",
        "63629-8885-1",
        "63629-8885-2",
        "63629-8885-3",
        "63629-8885-4",
        "67296-1542-2",
        "67296-1618-6",
        "67296-1623-1",
        "67296-1623-3",
        "71335-0108-6",
        "71335-0108-7",
        "71335-0108-8",
        "71335-0108-9",
        "71930-027-43",
        "71930-042-12",
        "71930-042-52",
        "71930-043-12",
        "71930-043-52",
        "71930-044-12",
        "71930-044-52",
        "67296-1623-0",
        "67296-1623-7",
        "42806-113-01",
        "31722-940-01",
        "31722-941-01",
        "31722-941-05",
        "31722-942-01",
        "31722-942-05",
        "31722-943-01",
        "31722-943-05",
        "63629-5434-2",
        "72189-348-90",
        "76420-215-01",
        "76420-215-30",
        "76420-215-60",
        "76420-215-90",
        "0254-2036-01",
        "67296-0299-2",
        "67296-0299-4",
        "67296-0299-0",
        "13107-212-30",
        "13107-211-30",
        "13107-213-30",
        "13107-212-99",
        "13107-213-99",
        "13107-213-05",
        "67296-1415-1",
        "67296-1415-8",
        "63187-658-90",
        "65162-675-11",
        "0904-6824-45",
        "67296-1571-1",
        "63304-497-03",
        "63304-497-05",
        "50090-2120-0",
        "50090-2120-7",
        "55700-603-60",
        "55700-652-40",
        "55700-652-90",
        "71335-1970-1",
        "71335-1970-2",
        "63629-8886-4",
        "63629-8886-5",
        "63629-8887-1",
        "31722-996-01",
        "31722-996-05",
        "71335-1444-1",
        "71335-1444-2",
        "71335-1444-3",
        "50090-2121-0",
        "67296-0299-1",
        "63629-8887-2",
        "63629-8887-3",
        "63629-8887-4",
        "63629-8887-5",
        "63629-8887-6",
        "71335-1970-3",
        "71335-1970-4",
        "71335-1970-5",
        "66689-023-04",
        "63187-112-15",
        "68071-5201-6",
        "31722-997-01",
        "31722-997-05",
        "63187-120-30",
        "63187-375-12",
        "70518-2923-0",
        "71335-1970-6",
        "71335-1970-7",
        "63629-8887-7",
        "71205-660-30",
        "71205-660-60",
        "71205-660-90",
        "71335-2144-0",
        "71335-2144-1",
        "71335-2144-2",
        "71335-2144-3",
        "71335-2144-4",
        "71335-2144-5",
        "71335-2144-6",
        "71335-2144-7",
        "71335-2144-8",
        "71335-2144-9",
        "0245-0410-01",
        "0245-0410-11",
        "0245-0410-50",
        "0245-0411-01",
        "0245-0411-11",
        "0245-0411-50",
        "0245-0412-01",
        "0245-0412-11",
        "0245-0412-50",
        "65162-115-11",
        "63629-1938-1",
        "63629-1939-1",
        "63629-1940-1",
        "63629-1941-1",
        "71335-0466-0",
        "71335-0466-2",
        "71335-0466-7",
        "72189-348-60",
        "71335-1418-0",
        "71335-1418-1",
        "71335-1418-2",
        "71335-1418-3",
        "71335-1418-4",
        "71335-1418-5",
        "71335-1418-6",
        "71335-1418-7",
        "71335-1418-8",
        "71335-1418-9",
        "71335-1419-0",
        "71335-1419-1",
        "71335-1419-2",
        "71335-1419-3",
        "71335-1419-4",
        "71335-1419-5",
        "71335-1419-6",
        "71335-1419-7",
        "71335-1419-8",
        "71335-1419-9",
        "43386-352-05",
        "43386-356-05",
        "50090-2120-1",
        "50090-2120-5",
        "50090-2120-6",
        "50090-2120-8",
        "50090-0843-0",
        "50090-0843-2",
        "71335-1470-1",
        "71335-1470-2",
        "65162-115-50",
        "67296-1415-7",
        "50090-3688-0",
        "50090-3689-0",
        "50090-4064-0",
        "50090-4065-0",
        "50090-4065-1",
        "50090-4065-5",
        "50090-4065-7",
        "50090-4066-4",
        "50090-4066-7",
        "50090-4067-0",
        "50090-4067-7",
        "50090-4071-0",
        "50090-4072-0",
        "0527-1648-01",
        "0527-1648-05",
        "0527-1649-01",
        "0527-1649-05",
        "0527-1650-01",
        "0527-1650-05",
        "0527-1651-01",
        "0527-1651-05",
        "40032-352-01",
        "40032-356-10",
