hydromorphone <-
    c(
"42858-122-01",
"42858-234-01",
"42858-234-50",
"42858-416-16",
"76045-009-05",
"76045-009-10",
"76045-009-06",
"76045-009-11",
"76045-010-11",
"76045-121-11",
"42858-338-01",
"76045-010-10",
"42858-301-25",
"42858-302-25",
"71335-0265-6",
"42858-302-50",
"70166-250-03",
"0641-0121-25",
"0641-2341-41",
"0703-0018-01",
"0703-0110-03",
"0703-0113-03",
"71335-0303-5",
"71335-0303-7",
"63323-851-10",
"13107-107-01",
"13107-107-05",
"13107-107-20",
"13107-107-99",
"13107-108-01",
"13107-108-05",
"13107-108-20",
"13107-108-99",
"13107-109-01",
"13107-109-05",
"13107-109-20",
"13107-109-99",
"71335-0229-3",
"63323-854-10",
"0054-0264-24",
"0054-0264-25",
"0054-0265-25",
"0054-0386-63",
"42858-303-01",
"0409-1312-36",
"63323-852-25",
"60687-579-01",
"60687-590-01",
"71335-0303-4",
"0409-4264-01",
"71335-0265-3",
"31722-119-01",
"31722-120-01",
"31722-121-01",
"31722-122-01",
"63323-853-25",
"43602-266-05",
"43602-266-30",
"43602-267-05",
"43602-267-30",
"43602-268-05",
"43602-268-30",
"43602-269-05",
"43602-269-30",
"71335-0303-1",
"71335-0303-3",
"0641-6151-25",
"0409-1283-37",
"71335-0265-1",
"71335-0265-7",
"71335-0303-6",
"72865-168-01",
"72865-169-01",
"72865-170-01",
"72865-171-01",
"0574-0293-01",
"0574-0294-01",
"0574-0295-01",
"0574-0297-01",
"0574-7224-06",
"71335-0229-5",
"71335-0233-1",
"71335-0265-8",
"67296-1414-2",
"67296-1414-4",
"71335-0265-9",
"0527-1353-01",
"0527-1354-01",
"0527-1355-01",
"71335-0233-4",
"17856-0386-1",
"71335-0229-2",
"0406-3243-01",
"0406-3244-01",
"0406-3249-01",
"71335-0723-0",
"71335-0723-2",
"71335-0723-9",
"71335-0265-5",
"63323-851-15",
"0409-1283-05",
"0409-1283-31",
"0409-1304-31",
"0409-1312-30",
"0409-2552-01",
"0409-2634-01",
"0409-2634-05",
"0409-2634-50",
"71335-0229-4",
"71335-0303-8",
"42858-301-01",
"42858-304-16",
"71335-0265-2",
"63629-3798-0",
"63629-3798-1",
"63629-3798-2",
"63629-3798-3",
"63629-3798-4",
"63629-3798-5",
"63629-3798-6",
"63629-3798-7",
"63629-3798-8",
"63629-3798-9",
"63629-4284-1",
"63629-4284-2",
"63629-4284-3",
"63629-4284-4",
"63629-4284-5",
"63629-4284-6",
"63629-4284-7",
"63629-4284-8",
"63629-4284-9",
"71335-0723-5",
"71335-0723-6",
"71335-0723-3",
"42858-302-01",
"71335-0265-4",
"17478-540-01",
"17478-540-05",
"17478-540-50",
"67296-1642-9",
"63629-2532-1",
"71335-0303-2",
"71335-0303-9",
"13811-701-10",
"13811-702-10",
"13811-703-10",
"13811-704-10",
"70166-250-04",
"0409-3365-10",
"60687-566-86",
"71335-0229-1",
"71335-0233-2",
"71335-0723-4",
"71335-0723-7",
"71335-0723-1",
"71335-0303-0",
"71335-0233-3",
"71335-0233-5",
"71335-0723-8",
"63323-851-50")
