methadone <- c(
    "0054-4538-25",
    "0054-0709-20",
    "0054-0709-25",
    "0054-0710-20",
    "0054-0710-25",
    "17856-0392-3",
    "13107-088-01",
    "13107-088-30",
    "13107-088-99",
    "13107-089-01",
    "13107-089-30",
    "13107-089-99",
    "60687-214-01",
    "17856-0392-1",
    "0054-0391-68",
    "0054-0392-68",
    "71335-0119-0",
    "71335-0119-1",
    "71335-0119-2",
    "71335-0119-3",
    "31722-946-01",
    "31722-947-01",
    "71335-0493-2",
    "71335-0493-5",
    "66689-694-30",
    "68094-031-62",
    "71335-0119-4",
    "71335-0119-5",
    "71335-0119-6",
    "63629-1905-1",
    "63629-1906-1",
    "72865-120-01",
    "72865-121-01",
    "66689-695-79",
    "66689-711-16",
    "66689-695-30",
    "66689-820-10",
    "67457-217-20",
    "0406-6221-05",
    "0406-6225-05",
    "67877-659-01",
    "67877-660-01",
    "67877-116-01",
    "17856-0392-7",
    "0904-6530-61",
    "55700-882-01",
    "55700-882-30",
    "55700-882-60",
    "55700-882-90",
    "71335-0493-7",
    "0406-2540-01",
    "0406-5755-01",
    "0406-5755-23",
    "0406-5755-62",
    "0406-5771-01",
    "0406-5771-23",
    "0406-5771-62",
    "71335-0119-7",
    "71335-0119-8",
    "71335-0119-9",
    "63629-1027-1",
    "71335-0493-3",
    "71335-0493-4",
    "71335-0493-1",
    "17478-380-20",
    "66689-836-99",
    "68084-738-01",
    "71335-0493-6",
    "66689-694-79",
    "66689-712-16",
    "66689-898-40",
    "0054-4570-25",
    "0054-4571-25",
    "0054-8553-24",
    "0054-8554-24",
    "0406-4123-03",
    "0406-4123-10",
    "42806-317-01",
    "42806-318-01",
    "35356-835-30",
    "35356-835-60",
    "71335-1360-0",
    "71335-1360-1",
    "71335-1360-2",
    "71335-1360-3",
    "71335-1360-4",
    "71335-1360-5",
    "71335-1360-6",
    "71335-1360-7",
    "71335-1360-8",
    "71335-1360-9",
    "0054-3553-44",
    "0054-3555-63",
    "0054-3556-63",
    "0527-1927-36",
    "0527-1927-39",
    "63629-2098-1",
    "17856-1928-4",
    "17856-1928-5",
    "17856-1928-6",
    "0527-1926-36",
    "0527-1926-39",
    "0406-0527-10",
    "0406-8725-10",
    "0406-0540-34"
)
