morphine <-
    c(
        "27505-004-05",
        "52817-720-05",
        "63776-035-14",
        "63776-035-11",
        "63776-035-15",
        "63776-035-16",
        "63776-035-17",
        "58264-0052-1",
        "0641-6019-10",
        "0641-6020-10",
        "17089-406-18",
        "0641-6039-01",
        "0641-6040-01",
        "63776-270-14",
        "0023-6011-60",
        "0023-6015-60",
        "0023-6016-60",
        "0023-6017-60",
        "0023-6018-60",
        "0023-6019-60",
        "63402-010-30",
        "63402-015-30",
        "63402-020-30",
        "63402-025-30",
        "63402-030-30",
        "63402-088-10",
        "63402-110-30",
        "63402-115-30",
        "63402-120-30",
        "63402-125-30",
        "63402-130-30",
        "63402-188-10",
        "66794-160-02",
        "66794-162-02",
        "0121-0904-94",
        "63629-1087-1",
        "63629-1088-1",
        "63629-1089-1",
        "63629-1091-1",
        "63304-453-03",
        "40032-543-01",
        "60687-617-01",
        "42858-811-17",
        "0115-1277-01",
        "0115-1277-03",
        "0115-1277-08",
        "0115-1278-01",
        "0115-1278-03",
        "0115-1278-08",
        "0115-1279-01",
        "0115-1279-03",
        "0115-1279-08",
        "0115-1280-01",
        "0115-1280-03",
        "0115-1280-08",
        "0115-1281-01",
        "0115-1281-03",
        "0115-1281-08",
        "0115-1282-01",
        "0115-1282-03",
        "0115-1282-08",
        "0121-0825-01",
        "0121-0825-04",
        "0121-0825-08",
        "63629-3979-1",
        "63629-3979-2",
        "63629-3979-3",
        "63629-3979-4",
        "63629-3979-5",
        "63629-3979-6",
        "51862-615-01",
        "48433-200-55",
        "71335-0239-6",
        "42858-803-01",
        "0641-6125-25",
        "0641-6126-25",
        "0641-6127-25",
        "0832-0273-11",
        "0832-0274-11",
        "51862-187-01",
        "51862-617-01",
        "68084-158-01",
        "40032-541-05",
        "75826-129-05",
        "75826-129-17",
        "75826-130-05",
        "75826-130-17",
        "75826-131-01",
        "75826-131-04",
        "71335-0676-0",
        "0054-0235-24",
        "0054-0235-25",
        "0054-0236-24",
        "0054-0236-25",
        "0054-0237-41",
        "0054-0237-49",
        "0054-0237-63",
        "0054-0238-49",
        "0054-0238-63",
        "17856-1170-1",
        "63629-1090-1",
        "63323-454-01",
        "0409-1891-23",
        "0409-1893-23",
        "70166-101-20",
        "71335-0676-2",
        "71335-0676-5",
        "76329-1912-1",
        "75826-131-15",
        "40032-543-05",
        "67296-1522-1",
        "67296-1561-2",
        "63304-450-01",
        "63304-450-03",
        "63304-452-05",
        "63304-453-05",
        "70166-101-10",
        "51862-185-01",
        "71335-0676-4",
        "71335-0676-7",
        "50383-965-04",
        "72572-440-25",
        "63629-4515-1",
        "63629-4515-2",
        "63629-4515-3",
        "63629-4515-4",
        "63629-4515-5",
        "63629-4515-6",
        "63629-4515-7",
        "63629-4515-8",
        "49999-848-60",
        "71335-0239-0",
        "0228-3090-11",
        "0228-3091-11",
        "0228-3092-11",
        "0228-3093-11",
        "0228-3116-11",
        "0228-3117-11",
        "0228-3501-06",
        "0228-3502-06",
        "0228-3503-06",
        "0228-3504-06",
        "0228-3505-06",
        "0228-3506-06",
        "0228-3507-06",
        "0228-4270-11",
        "0228-4271-11",
        "0228-4311-11",
        "0228-4323-11",
        "0228-4347-11",
        "0409-1890-23",
        "63629-2535-1",
        "63629-2536-1",
        "63629-2537-1",
        "49999-848-90",
        "63629-4484-1",
        "63629-4484-2",
        "63629-4484-3",
        "63629-4484-4",
        "63629-4484-5",
        "63629-4484-6",
        "63629-4484-7",
        "63629-4484-8",
        "40032-540-05",
        "76329-1911-1",
        "0574-7110-12",
        "0574-7112-12",
        "0574-7114-12",
        "0574-7116-12",
        "71335-0239-2",
        "71335-0239-5",
        "71335-0239-8",
        "63304-758-01",
        "63304-758-50",
        "71335-0707-1",
        "71335-0707-2",
        "71335-0707-3",
        "71335-0707-4",
        "71335-0707-5",
        "71335-0707-6",
        "71335-0707-7",
        "71335-0707-8",
        "71335-0736-0",
        "71335-0736-1",
        "71335-0736-2",
        "71335-0736-3",
        "71335-0736-4",
        "71335-0736-5",
        "71335-0736-6",
        "71335-0736-7",
        "71335-0736-8",
        "71335-0736-9",
        "63629-2538-1",
        "43386-543-01",
        "43386-544-01",
        "0904-6557-61",
        "0904-6558-61",
        "0904-6559-61",
        "0904-6560-61",
        "55700-824-30",
        "55700-824-60",
        "55700-824-90",
        "55700-825-30",
        "55700-825-60",
        "55700-825-90",
        "76045-004-11",
        "76045-005-11",
        "76045-006-11",
        "76045-007-11",
        "76045-008-11",
        "63304-453-01",
        "70166-101-02",
        "17856-0517-4",
        "71335-0239-4",
        "71335-0239-9",
        "76045-004-12",
        "76045-005-12",
        "76045-006-12",
        "76045-007-10",
        "76045-008-10",
        "68094-001-62",
        "51862-188-01",
        "0832-0225-00",
        "0832-0225-50",
        "0832-0226-00",
        "0832-0226-50",
        "0832-0227-00",
        "0832-0227-50",
        "0832-0228-00",
        "0832-0228-50",
        "0832-0229-00",
        "0832-0229-50",
        "0832-0230-00",
        "0832-0230-50",
        "0832-0233-00",
        "0832-0233-50",
        "63629-2302-1",
        "40032-542-01",
        "40032-544-01",
        "67296-1522-6",
        "49999-849-60",
        "61919-413-30",
        "0406-8003-12",
        "0406-8003-15",
        "0406-8003-24",
        "0406-8003-30",
        "0406-8315-01",
        "0406-8315-23",
        "0406-8315-62",
        "0406-8320-01",
        "0406-8330-01",
        "0406-8330-23",
        "0406-8330-62",
        "0406-8380-01",
        "0406-8380-23",
        "0406-8380-62",
        "0406-8390-01",
        "0406-8390-23",
        "0406-8390-62",
        "0409-1134-03",
        "0409-1134-05",
        "0409-1890-01",
        "0409-1891-01",
        "0409-1892-01",
        "0409-1893-01",
        "71335-0239-3",
        "0409-3814-12",
        "0409-3815-12",
        "49999-848-30",
        "68094-056-58",
        "40032-542-05",
        "63629-2301-1",
        "55700-905-60",
        "63323-452-01",
        "50383-965-30",
        "42858-802-01",
        "42858-812-15",
        "63304-758-05",
        "42858-810-17",
        "63629-4484-0",
        "63629-4484-9",
        "43386-541-01",
        "71335-0676-1",
        "71335-0676-6",
        "42858-801-01",
        "40032-544-05",
        "55700-349-30",
        "42858-804-01",
        "67296-1522-3",
        "67296-1522-9",
        "63323-455-01",
        "49999-849-30",
        "63629-4175-1",
        "63629-4175-2",
        "63629-4175-3",
        "63629-4175-4",
        "63629-4175-5",
        "63629-4175-6",
        "63629-4175-7",
        "67877-670-01",
        "67877-671-01",
        "67296-1753-1",
        "67296-1753-6",
        "67296-1753-7",
        "27808-082-01",
        "27808-082-02",
        "42858-805-01",
        "71335-0676-3",
        "43386-543-05",
        "63629-4483-0",
        "63629-4483-1",
        "63629-4483-2",
        "63629-4483-3",
        "63629-4483-4",
        "63629-4483-5",
        "63629-4483-6",
        "63629-4483-7",
        "63629-4483-8",
        "63629-4483-9",
        "0115-1479-01",
        "68094-045-58",
        "43386-540-05",
        "43386-541-05",
        "43386-542-01",
        "63304-451-01",
        "63304-451-03",
        "63304-451-05",
        "63323-451-01",
        "43386-540-01",
        "43386-542-05",
        "71335-0676-9",
        "68084-157-01",
