alfentanilk <-
    c(
        "17478-067-02",
        "17478-067-05"  
    )

levorphanol <- c(
    "0406-2224-01",
    "0527-3236-37",
    "57664-762-88",
    "63629-2093-1",
    "0527-3237-37",
    "69543-412-10",
    "42358-102-10",
    "69543-417-10",
    "42358-103-10"
)

meperidine <-
    c(
        "30698-335-01",
        "30698-337-01",
        "0409-1176-30",
        "0409-1178-30",
        "0409-1179-30",
        "0409-1180-69",
        "0409-1181-30",
        "0409-1362-01",
        "0409-1418-01",
        "0641-6052-25",
        "0641-6053-25",
        "0641-6054-25",
        "42806-050-30",
        "42806-051-01",
        "42806-050-01",
        "0054-3545-63"
    )

nalbuphine <- c(
    "51662-1418-1",
    "51662-1420-1",
    "52584-464-61",
    "0409-1463-01",
    "0409-1463-49",
    "0409-1464-01",
    "0409-1465-01",
    "0409-1467-01",
    "52584-083-61",
    "71872-7114-1",
    "52584-463-01",
    "0404-9917-10",
    "0404-9918-01",
    "0404-9919-10"
)

opium <-
    c(
"55146-011-01",
"63972-013-01",
"63972-012-01",
"0597-0087-17",
"50090-0961-0",
"53002-8410-1",
"63629-8436-1",
"0574-7040-12",
"0574-7045-12",
"0574-7045-04",
"63629-8435-1",
"0574-7040-04",
"0597-0024-02",
"37662-1096-4",
"37662-1097-1",
"37662-1097-2",
"37662-1097-3",
"37662-1097-4",
"37662-1098-1",
"37662-1098-2",
"37662-1098-3",
"37662-1098-4",
"37662-1099-1",
"37662-1092-1",
"37662-1092-2",
"37662-1092-3",
"37662-1093-1",
"37662-1093-2",
"37662-1093-3",
"37662-1094-1",
"37662-1094-2",
"37662-1094-3",
"37662-1094-4",
"37662-1095-1",
"37662-1095-2",
"37662-1095-3",
"37662-1095-4",
"37662-1096-1",
"37662-1096-2",
"37662-1096-3",
"71742-0008-1",
"0054-0045-44",
"0054-0046-41",
"50090-5968-0",
"65862-905-60",
"68071-1737-2",
"76204-100-25",
"76204-100-60",
"47335-706-49",
"47335-706-52",
"47335-706-54",
"65862-905-03",
"65862-905-25",
"50090-4185-0",
"76204-100-30",
"76204-100-01",
"16714-526-01",
"16714-527-01",
"50090-0668-0",
"69238-2016-3",
"69238-2017-2",
"0378-7970-52",
"0378-7970-55",
"0378-7970-91",
"0378-7970-93",
"0487-9801-01",
"0487-9801-02",
"0487-9801-25",
"0487-9801-30",
"0487-9801-60",
"63187-188-25",
"60505-0826-1",
"60505-0827-1",
"60687-394-83",
"65862-905-30",
"55154-4351-5",
"24208-398-30",
"24208-399-15",
"69097-840-87",
"70518-2250-1",
"60429-975-30",
"68788-8103-3",
"76204-600-12",
"76204-600-60",
"70518-3347-0",
"50090-1669-0",
"50090-4103-0",
"76204-600-01",
"0487-0201-01",
"0487-0201-02",
"0487-0201-03",
"0487-0201-60",
"0378-9671-30",
"0378-9671-60",
"0378-9671-93",
"63187-529-30",
"47335-756-49",
"47335-756-52",
"60687-405-83",
"69097-173-53",
"50090-1382-0",
"76204-600-05",
"65862-906-03",
"65862-906-30",
"65862-906-60",
"63187-529-60",
"76204-600-30",
"69097-840-64",
"69097-840-53",
"70518-2250-0",
"55154-4357-5",
"60429-975-60",
"69097-173-64",
"71205-051-15",
"71205-051-30",
"44911-0650-1",
"44911-0231-1",
"43857-0615-1",
"43857-0596-1",
"43857-0471-1",
"43857-0518-1",
"44911-0266-1",
"50090-4248-0",
"50090-4414-0",
"0597-0075-41",
"0597-0075-47",
"0597-0075-75",
"0597-0100-51",
"0597-0100-28",
"0597-0100-61",
"0597-0160-28",
"0597-0160-61",
"0597-0155-70",
"0597-0155-28",
"0597-0155-61"
)

oxymorphone <-
    c(
"42806-330-01",
"42806-331-01",
"35356-967-30",
"35356-968-01",
"35356-968-30",
"35356-968-60",
"10702-070-06",
"10702-071-06",
"13107-103-01",
"13107-103-30",
"13107-103-99",
"13107-104-01",
"13107-104-30",
"13107-104-99",
"0054-0283-25",
"0054-0284-25",
"55700-788-60",
"72865-130-01",
"72865-131-01",
"63629-1925-1",
"63629-1926-1",
"10702-070-01",
"10702-071-01",
"64896-695-01",
"64896-695-03",
"64896-695-08",
"64896-695-13",
"64896-696-01",
"64896-696-03",
"64896-696-08",
"64896-696-13",
"64896-697-01",
"64896-697-03",
"64896-697-08",
"64896-697-13",
"64896-698-01",
"64896-698-03",
"64896-698-08",
"64896-698-13",
"64896-699-01",
"64896-699-03",
"64896-699-08",
"64896-699-13",
"64896-700-01",
"64896-700-03",
"64896-700-08",
"64896-700-13",
"64896-701-01",
"64896-701-03",
"64896-701-08",
"64896-701-13",
"31722-929-01",
"0115-1231-01",
"0115-1231-03",
"0115-1231-08",
"0115-1231-13",
"0115-1232-01",
"31722-930-01",
"0115-1232-03",
"0115-1232-08",
"0115-1232-13",
"0115-1233-01",
"0115-1233-03",
"0115-1233-08",
"0115-1233-13",
"0115-1234-01",
"0115-1234-03",
"0115-1234-08",
"0115-1234-13",
"0115-1315-01",
"0115-1315-03",
"0115-1315-08",
"0115-1315-13",
"0115-1316-01",
"0115-1316-03",
"0115-1316-08",
"0115-1316-13",
"0115-1317-01",
"0115-1317-03",
"0115-1317-08",
"0115-1317-13"
)

pentazocine <-
    c(
"0591-0395-01",
"63304-506-01",
"43386-680-01",
"43386-680-05",
"61919-556-30"
)

remifentanil <-
    c(
"63323-724-05",
"63323-723-06",
"0143-9391-10",
"0143-9392-10",
"0143-9393-10",
"63323-723-03",
"63323-725-10",
"68475-505-02",
"68475-506-02",
"68475-507-02",
"67457-198-03",
"67457-198-05",
"67457-912-01",
"67457-913-02",
"67457-914-05",
"67457-198-10"
)

sufentanil <-
    c(
"61621-430-11",
"61621-430-01",
"0641-6110-10",
"0641-6111-10",
"0641-6112-10",
"0409-3382-21",
"17478-050-01",
"17478-050-02",
"17478-050-05"
)

tapentadol <-
    c(
"24510-050-01",
"24510-050-10",
"24510-058-01",
"24510-058-60",
"24510-075-01",
"24510-075-10",
"24510-100-01",
"24510-100-10",
"24510-116-01",
"24510-116-60",
"24510-174-01",
"24510-174-60",
"24510-232-01",
"24510-232-60",
"24510-291-01",
"24510-291-60",
"55700-796-60",
"55700-797-60"
)



