oxycodone <-
    c(
        "63629-2187-1",
"63629-2188-1",
"63629-2189-1",
"63629-2190-1",
"72245-193-03",
"72245-193-10",
"69344-213-11",
"69344-113-11",
"67877-623-19",
"67877-623-88",
"67877-623-91",
"67877-625-19",
"67877-625-59",
"42858-103-01",
"43598-546-01",
"71335-0193-3",
"63187-823-15",
"63187-823-20",
"63187-824-10",
"67296-1392-2",
"67296-1531-8",
"67296-0355-3",
"53746-203-05",
"53746-204-01",
"63629-7748-2",
"71335-0193-1",
"55700-498-30",
"55700-497-60",
"55700-498-14",
"55700-498-60",
"42858-103-50",
"68071-5054-4",
"47781-196-05",
"71335-0146-7",
"47781-196-01",
"47781-230-05",
"72189-368-30",
"42858-104-50",
"55700-498-21",
"10702-238-50",
"55700-497-01",
"67296-1392-7",
"13107-043-01",
"13107-043-05",
"13107-043-30",
"13107-043-99",
"13107-044-01",
"13107-044-05",
"13107-044-30",
"13107-044-99",
"13107-045-01",
"13107-045-05",
"13107-045-30",
"13107-045-99",
"13107-046-01",
"13107-046-05",
"13107-046-30",
"13107-046-99",
"72189-357-30",
"71335-2049-1",
"71335-2049-2",
"71335-2049-3",
"71335-2049-4",
"71335-2049-5",
"71335-2049-6",
"71335-2049-7",
"71335-2049-8",
"71335-2049-9",
"63187-363-60",
"63187-406-30",
"71335-0146-1",
"71335-0146-8",
"43598-547-05",
"63187-823-90",
"63187-984-60",
"71335-0146-2",
"71335-0146-9",
"71335-2106-1",
"71335-2106-2",
"71335-2106-3",
"71335-2106-4",
"71335-2106-5",
"71335-2106-6",
"71335-2106-7",
"71335-2106-8",
"71335-2106-9",
"68071-5054-2",
"71335-1959-7",
"71335-1959-8",
"71335-1959-1",
"71335-1959-2",
"71335-1959-3",
"71335-1959-4",
"71335-1959-5",
"71335-1959-6",
"55700-967-90",
"63629-8879-1",
"63629-8879-2",
"63629-8876-1",
"67296-1815-8",
"60760-276-90",
"50268-646-15",
"71335-0722-0",
"71335-0722-1",
"71335-0722-2",
"71335-0722-3",
"71335-0722-4",
"71335-0722-5",
"71335-0722-6",
"71335-0722-7",
"71335-0722-8",
"71930-045-12",
"71930-045-52",
"71930-046-12",
"71930-046-52",
"71930-047-12",
"71930-047-52",
"71335-0146-0",
"42806-114-01",
"71335-0722-9",
"31722-948-01",
"31722-948-05",
"31722-949-01",
"31722-949-05",
"31722-950-01",
"31722-950-05",
"31722-951-01",
"31722-951-05",
"72189-357-60",
"76420-209-01",
"76420-209-30",
"76420-209-60",
"76420-209-90",
"71205-329-28",
"67296-0355-4",
"67296-0355-2",
"55700-498-40",
"55700-498-90",
"0527-1671-05",
"10702-187-10",
"10702-185-50",
"10702-186-10",
"10702-184-10",
"10702-187-50",
"71335-0193-6",
"71335-0193-7",
"63187-719-30",
"63187-721-20",
"71335-0316-2",
"71335-0316-5",
"71335-0316-9",
"10702-184-50",
"67296-1815-0",
"71335-1953-0",
"71335-1953-1",
"71335-1953-2",
"71335-1953-3",
"71335-1953-4",
"71335-1953-5",
"71335-1953-6",
"67296-1392-3",
"67296-1392-5",
"67296-1531-1",
"67296-1531-3",
"63629-8879-3",
"67296-0355-1",
"47781-229-05",
"47781-230-63",
"71335-1909-1",
"71335-1909-2",
"71335-1953-7",
"71335-1953-8",
"71335-1953-9",
"63187-406-60",
"43386-490-01",
"43386-490-05",
"43386-490-10",
"43386-491-01",
"43386-491-05",
"43386-491-10",
"43386-492-01",
"43386-492-05",
"43386-492-10",
"43386-493-01",
"43386-493-05",
"43386-493-10",
"72189-357-90",
"67296-1392-8",
"63629-8888-1",
"63629-8888-2",
"63629-7748-1",
"55700-967-28",
"71335-0316-3",
"71335-0316-4",
"71335-0316-8",
"55700-498-01",
"63187-719-60",
"63187-721-15",
"63187-721-30",
"63187-721-60",
"50268-644-15",
"63629-1907-1",
"63629-1942-1",
"63629-1943-1",
"10702-185-01",
"10702-186-01",
"10702-184-01",
"10702-187-01",
"72887-682-03",
"42858-102-50",
"47781-229-01",
"71335-1472-0",
"71335-1472-1",
"71335-1472-2",
"71335-1472-3",
"71335-1472-4",
"71335-1472-5",
"71335-1472-6",
"71335-1472-7",
"71335-1472-8",
"71335-1472-9",
"71335-1473-1",
"65162-207-03",
"49999-852-14",
"0527-1669-01",
"0527-1669-05",
"0527-1671-01",
"71335-0216-7",
"71335-0216-8",
"72865-113-01",
"72865-113-05",
"72865-114-01",
"72865-114-05",
"63187-363-20",
"72865-115-01",
"72865-115-05",
"72865-116-01",
"72865-116-05",
"71335-2041-0",
"71335-2041-1",
"71335-2041-2",
"71335-2041-3",
"71335-2041-4",
"71335-2041-5",
"71335-2041-6",
"71335-2041-7",
"71335-2041-8",
"71335-2041-9",
"72887-193-03",
"72887-681-03",
"72887-683-03",
"63187-719-15",
"63187-721-90",
"63187-719-20",
"63187-406-20",
"63187-719-12",
"65162-207-10",
"71335-0193-2",
"71335-0193-4",
"71335-0193-9",
"60760-276-30",
"43598-547-01",
"55700-983-90",
"53746-204-05",
"60760-276-60",
"63629-1908-1",
"63629-1909-1",
"63629-1910-1",
"63629-1911-1",
"63629-1912-1",
"72189-255-30",
"72189-256-30",
"67296-0355-6",
"67296-0355-7",
"55700-967-60",
"68071-4839-6",
"63187-984-12",
"67296-1815-4",
"67296-1815-5",
"68071-4852-2",
"71335-0216-5",
"71335-0216-6",
"70518-3492-0",
"55700-498-05",
"55700-498-10",
"55700-498-24",
"55700-498-28",
"55700-970-01",
"55700-970-21",
"55700-970-30",
"55700-970-60",
"55700-970-90",
"55700-498-56",
"63187-363-12",
"63187-363-30",
"63187-823-30",
"53746-203-01",
"68071-5054-6",
"61919-612-60",
"61919-612-90",
"71335-0316-1",
"71335-0316-6",
"55700-497-28",
"63187-363-15",
"67296-1392-1",
"67296-1531-7",
"63187-824-15",
"63187-824-30",
"61919-437-60",
"61919-612-30",
"42858-102-10",
"42858-104-01",
"42858-104-10",
"71335-0216-1",
"61919-871-30",
"61919-871-60",
"60687-642-01",
"61919-871-90",
"71335-0146-3",
"71335-0146-4",
"0406-0512-01",
"0406-0512-05",
"0406-0512-23",
"0406-0512-62",
"0406-0512-91",
"0406-0522-01",
"0406-0522-05",
"0406-0522-23",
"0406-0522-62",
"0406-0523-01",
"0406-0523-05",
"0406-0523-23",
"0406-0523-62",
"63187-984-15",
"63187-984-30",
"63187-984-10",
"71335-0193-5",
"71335-0193-8",
"42806-116-01",
"71335-0216-2",
"71335-0216-9",
"71335-0316-0",
"71335-0316-7",
"61919-437-30",
"63629-8888-3",
"63629-8888-4",
"63629-8888-5",
"63629-8888-6",
"71335-0216-0",
"63187-824-60",
"63629-7824-1",
"68084-699-01",
"42858-102-01",
"65162-207-50",
"63629-7748-4",
"68071-2598-2",
"68071-2598-4",
"67296-1392-6",
"47781-230-01",
"50268-645-15",
"63629-7748-7",
"63187-824-20",
"67296-1531-2",
"67296-1531-6",
"67296-1392-0",
"67296-1392-9",
"67296-1624-1",
"67296-1624-2",
"67296-1624-3",
"67296-1624-5",
"67296-1624-6",
"67296-1624-7",
"67296-1624-8",
"67296-1624-9",
"63187-406-15",
"67296-1773-6",
"67296-1815-1",
"67296-1815-2",
"67296-1815-3",
"67296-1815-6",
"67296-1815-7",
"67296-1815-9",
"42806-115-01",
"63629-7748-3",
"63629-7748-5",
"60760-274-40",
"55700-496-14",
"55700-498-15",
"68071-5169-2",
"43598-546-05",
"71335-0146-5",
"71335-0146-6",
"60760-274-30",
"63629-7748-9",
"76420-136-30",
"63187-823-60",
"68084-355-01",
"71335-0216-3",
"68308-480-47",
"63187-824-12",
"63187-824-90",
"67296-1392-4",
"0904-7093-61",
"0904-7094-61",
"0904-7095-61",
"67296-0355-5",
"49999-852-30",
"49999-852-60",
"49999-852-90",
"72189-368-60",
"68308-475-47",
"72189-257-30",
"68084-710-01",
"55700-497-30",
"60760-274-60",
"42858-103-10",
"31722-191-01",
"31722-191-05",
"31722-192-01",
"31722-192-05",
"31722-193-01",
"31722-193-05",
"31722-194-01",
"31722-194-05",
"71205-329-10",
"71205-329-30",
"71205-329-60",
"71205-329-90",
"71205-347-12",
"71205-347-15",
"71205-347-20",
"71205-347-30",
"71205-347-60",
"71205-347-90",
"71205-486-30",
"71205-486-60",
"71205-486-90",
"10702-185-10",
"10702-186-50",
"71335-0193-0",
"63629-7748-6",
"63629-7748-8",
"71335-1036-1",
"71335-1036-2",
"71335-1036-3",
"71335-1036-4",
"71335-1036-5",
"71335-1036-6",
"71335-1036-7",
"71335-1036-8",
"71335-1036-9",
"71335-1070-1",
"71335-1070-2",
"71335-1070-3",
"71335-1070-4",
"71335-1070-5",
"71335-1070-6",
"71335-1070-7",
"71335-1070-8",
"71335-1070-9",
"68071-2598-6",
"63629-8834-1",
"63629-8834-2",
"63629-8834-3",
"63629-8834-4",
"63629-8834-5",
"63629-8834-6",
"63629-8834-7",
"63629-8834-8",
"63629-8834-9",
"71335-1216-0",
"71335-1216-1",
"71335-1216-2",
"71335-1216-3",
"71335-1216-4",
"71335-1216-5",
"71335-1216-6",
"71335-1216-7",
"71335-1216-8",
"71335-1216-9",
"71335-1420-1",
"71335-1420-2",
"71335-1420-3",
"71335-1420-4",
"71335-1420-5",
"71335-1420-6",
"71335-1420-7",
"71335-1420-8",
"71335-1420-9",
"55700-496-21",
"55700-497-90",
"71335-1492-0",
"71335-1492-1",
"71335-1492-2",
"71335-1492-3",
"71335-1492-4",
"71335-1492-5",
"71335-1492-6",
